1
2
3
4
5
6
7
8
1
2
3
4
5
6
7
8
1
2
3
4
5
6
7
8
1
2
3
4
5
6
7
8
1000000
1000000
1000000
1000000
1000000
10000001000000
1000000
10000001000000
1000000
10000001000000
1000000
10000001000000
1000000
10000001000000
1000000
10000001000000
1000000
10000001000000
1000000
10000001000000
1000000
10000001000000
1000000
10000001000000
1000000
10000001000000
1000000
10000001000000
1000000
10000001000000
1000000
10000001000000
1000000
10000001000000
1000000
10000001000000
1000000
10000001000000
1000000
10000001000000
1000000
10000001000000
1000000
10000001000000
1000000
10000001000000
1000000
10000001000000
1000000
10000001000000
1000000
1000000
